-0.172793277104509
-0.257065996718785
0.166291400788826
0.154958285826296
0.302768404948117
-0.0633715494233275
0.0354400201822918
0.231249708977793
-0.277846428314373
-0.225696416839256
0.105602929806941
0.195860644091069
-0.217372450859287
0.0603962646858660
-0.114346509704601
0.148287929524481
0.337788917336147
0.285496361716295
0.515094202752320
0.460813389179809
0.269763941568885
0.0332849379710741
0.442280389531036
0.318535664003008
0.535683844401605
0.684226380190830
0.599236676329695
0.308968581362435
0.229442922992276
0.719448460641870
0.483764406769881
0.716037265403935
0.814240429630800
0.970185495270255
0.577598991640890
0.542597768448025
1.03729976013570
0.860679332251800
0.879541612241960
0.810232712392625
0.448363427392795
0.823907797642665
0.961885511975030
0.543598544815965
0.642264135862395
0.824137370736110
0.594251993508530
0.408389044516149
0.404257627601526
0.419239221482432
0.251416757321581
0.407624985151988
0.592005618497275
0.495776536614503
-0.136399448519869
0.331751972642080
-0.0357706890879637
-0.125133170742688
-0.349032382337229
-0.0326358165516023
-0.486472446411168
-0.743339900101480
-0.956871837407195
-0.527230763069035
-1.23056498703017
-1.06841094883877
-1.27595002911217
-1.46886673447045
-1.19652795640216
-1.59805815655118
-1.77365453103632
-1.60951964707377
-2.31835653994224
-1.97284077459186
-2.11081689614393
-2.21403989528756
-2.78500487175925
-2.93427860283543
-2.58921060193521
-2.59021787546730
-2.85339227642529
-2.87853709694347
-2.97414878327385
-2.88552189078694
-3.04640596019526
-3.52404744671674
-3.49834156600536
-3.48661136171162
-3.39684240182436
-3.36066098448756
-3.20939213301764
-3.48969552259919
-3.19486269714295
-3.53731409386186
-3.38293412113905
-3.24255451712035
-3.21888159184897
-3.24598879188187
-3.20320299969398
-3.08700801281695
-2.68444422701382
-2.41486942948882
-2.76412262061108
-2.25938980182322
-2.11188611501083
-1.64557833909214
-1.61141087305427
-1.54183140012847
-1.12488774361948
-1.09476720604919
-0.743901656755440
-0.957216745261385
-0.665617901603090
-0.101267368039578
-0.242356031178666
-0.00243149526323660
0.376378154520373
0.461567085727304
0.985600225107790
0.986635832291890
1.67568776712724
2.03066407076940
1.79651893982311
2.00288635687382
2.32700335900520
2.90004934256576
2.92639840912215
2.79775433696695
3.32929947889900
3.30045458526743
3.46287214740383
3.67705168739680
3.58246489249883
3.98540413116179
4.22534151244709
4.11337919785979
4.38230808143219
4.13466220404937
3.88813292302203
4.41324153194390
3.98476624288605
3.76576378076765
3.96529569071491
3.65466033533725
3.68114792289888
3.50671500021050
3.62980053917128
2.87328589906873
2.71472579808589
2.55462820312271
2.48050887068937
1.86154080800156
1.89167163803667
1.52248117736751
1.26668994821579
0.526095608447275
0.293134403141838
-0.170218000428880
-0.701928553031795
-1.22606082342213
-1.10506874397336
-1.88795711527014
-2.52417949487845
-2.47518828311526
-3.31806490476397
-3.96234044593051
-3.95156204400274
-4.94922711719444
-5.35314157177055
-5.85562613513000
-6.10651252401395
-6.61844595164565
-7.11135415041485
-7.10641748303385
-7.73211753125295
-8.17443950814435
-8.45749158209885
-8.56685057498820
-8.82134609565795
-9.30334798364280
-9.83008068447555
-9.74213018683670
-9.80115015610255
-10.3894262522554
-10.1144394799286
-10.4646891005888
-10.4872549568839
-10.4385646404270
-10.2831664213235
-10.2761307747640
-10.3653162434970
-9.91275777894285
-9.95245502950980
-9.85042314268985
-9.33738273563480
-9.13487245783060
-8.78940722034630
-8.23845291832645
-7.86460662381675
-7.49446539754175
-7.36277946989930
-6.65504171966965
-6.09967310585290
-5.74669310340310
-4.88537858073569
-4.10595436041440
-3.22115215714535
-2.77955709787197
-1.82705031170241
-0.961626844944720
-0.259144900354574
0.626597181560270
1.41732805876023
2.31507639018521
2.76264283856754
4.25768478151603
4.94657796607396
5.86037006874075
6.58464685704415
7.99132214367465
8.82101923590785
9.92439787023795
10.9187178335648
11.6108352022069
13.0790322455903
14.0220907381129
15.0139961891100
15.7725631814093
16.5156150148058
17.7205375139244
19.0331801418932
19.4873009870335
20.6084284434782
21.4748458556919
22.5413119264803
23.6813467247625
24.2827317318865
25.1882908391506
26.2662652994903
26.8187586290453
27.5621690510395
28.8750669993994
29.1016441690529
30.1830611204304
30.9025605982391
31.2293934432096
31.9573618003487
33.1339589875176
33.7227829366945
34.0697342043151
34.7318512625932
35.4614897321607
35.9790229231827
36.1760000786947
37.0596101096740
37.3975915052772
37.8643371017848
37.7631989186297
38.1264278744905
38.8782000867734
39.0415841822777
39.0039043237752
39.2141607472056
39.3030757320288
39.6326034165649
40.0527919289225
40.0407801210192
39.6455312260141
39.5153801723755
39.6781820460535
39.2477920591853
39.3517112527966
39.0654178066026
38.4970462033795
38.0345926577070
37.5559793192966
36.9651559214958
36.5491447113595
36.4336053562822
35.2554709127018
34.8789450164114
33.6184459150805
32.9239651756269
32.1041476582845
30.8152114317015
30.1506866663869
28.5536073939983
27.8578293487993
26.0687653733677
24.6967291170485
23.1869883794381
21.7691030217735
20.4550129889063
18.8217935081941
17.1395175588158
15.2605462995363
13.4160288579981
11.4158179616234
9.38411322617350
6.95926369148310
5.20360285153580
2.78522675371004
0.626295466711495
-1.41555521835368
-4.12377810378801
-6.07784285467365
-8.66028893855095
-11.0966378232175
-13.5602721765754
-16.2314810777368
-18.5144586684311
-21.4133186348973
-23.9207032550211
-26.2436070723756
-28.5523084181003
-31.1358941154258
-33.8241557906019
-36.1968234320833
-38.9241473901987
-41.4300517825084
-43.5226049025851
-45.9659646964937
-48.0225812593270
-50.2433004592860
-52.3883516071015
-54.4918803862875
-56.3126127712135
-58.0928796267815
-59.7445339624465
-61.2956650616485
-62.7938872254205
-64.1646878986660
-65.4433317584505
-66.2558571281765
-67.1842891684780
-67.6148685815200
-68.1617827949090
-68.6382258597190
-68.6932929636885
-68.7195322933430
-68.4176598595940
-68.3804598452485
-67.5237167178350
-67.1874412926940
-66.1450422752705
-64.9709997890830
-63.5515870577830
-62.1969489456875
-60.3422443900760
-58.2015952941945
-56.6451094088775
-54.0039091210190
-51.7368015299340
-48.9413063004696
-46.1160217655265
-42.9162589290021
-40.2610900171112
-36.7234149464671
-32.9845115374175
-29.4109026504451
-25.4022217632277
-21.9186198866190
-17.4310206792242
-13.7624636748378
-9.12517417448345
-4.90141680990000
-0.639714755162710
4.07570905669480
8.11160987400195
12.8249558821749
17.8123278672602
22.4445071755412
26.9211030309701
31.6705152339862
36.4100770219589
41.1508753549187
45.5036471576335
49.7502059971611
54.5070849977280
58.4980104841740
62.6970011982945
67.2100824968215
71.0142466645570
75.0321859256405
79.3147935741145
82.8681877511680
86.3296126845395
89.4611825313750
92.3688561736285
95.7461744661775
98.4934701222770
100.813319570296
103.535015783542
105.623505541910
107.500328304025
109.189495579916
110.740641637431
112.461716264700
113.576444801994
114.496636342545
114.610675925143
115.433154754940
115.515358184841
115.128956690148
114.568482249835
114.173082702311
113.627065528038
112.508315813442
111.711360159981
109.740256988826
108.283380635596
106.722863445078
104.783626249574
103.244037992834
100.616509484509
97.8021503197960
95.1634738559800
92.7285505029330
89.7023977636695
86.8055018468960
83.6351990617225
80.4164973796530
77.0958488619220
73.3885361133520
70.2396633708675
66.4655799123065
62.8120036527745
59.0868633322540
56.1753390725710
51.7505688525825
47.5917053899248
44.9081653832274
40.5018425039786
37.0819100053752
33.4270759947706
29.4471719261917
26.2933825456381
22.8761888628441
18.8921691652510
15.2537151794617
12.2127431321783
9.31263942390715
5.43723665486085
2.46768623245816
-0.325132972627319
-3.39165396344581
-6.31232668152975
-8.44778285774480
-10.7683237731827
-14.2179883870724
-15.7444919372728
-18.2031673321302
-20.8298892962352
-22.9993350347579
-24.3652758104662
-26.2503546793540
-28.0941217269178
-30.2697425346821
-30.8704753268010
-32.8964036163544
-34.0908730979234
-35.4766819419951
-36.3929891309654
-37.3273450713212
-38.3885861529980
-39.2942970531718
-39.4117006376291
-40.9829100945308
-40.9555934410403
-41.1372449582365
-41.5987872465967
-42.6049889231914
-42.5718600797775
-42.5492265988541
-42.2516947365317
-42.9220877983669
-42.2992571340553
-42.8586537131769
-42.4819602777184
-42.0749612719718
-42.1183808944196
-41.7420043629846
-41.8660940661757
-41.3190442470677
-40.5994253651643
-40.1554490474687
-39.7844694771119
-39.0286297622211
-38.8307882339124
-38.1018522806696
-37.8354916609253
-37.0352853794878
-36.4217160423301
-35.5173411994225
-34.7075056341061
-33.6396323084900
-32.7569957312230
-32.4333448601607
-31.1458447277308
-29.9033431547653
-28.8729532290757
-27.5333956481146
-26.9194369049945
-25.5742809478054
-24.1226826423574
-23.0660863951987
-21.6894099566575
-20.6677749640024
-18.8803065084144
-17.6771883891303
-16.8556360693725
-14.8717910659288
-13.4721545558940
-11.8150352208750
-10.7642281667709
-8.43155116425490
-6.55571831760525
-5.17325531160435
-3.98999495713543
-1.94016387412774
0.502901175252315
1.76370522033104
3.09550506232750
5.27408406892760
7.02163763545380
8.40955034338270
10.2124740738372
11.8317357351349
14.1597120615657
15.9911991352652
17.0014766168929
18.7598266068820
20.1350694622792
21.6328417154693
23.4026692855326
24.6765181154146
25.5535836829920
27.5543716558045
28.2024468272416
29.4845654940179
30.4171975570517
31.9208561093240
32.0905236586140
32.9972109057711
33.5569305977216
34.2679326206333
34.1795491558660
34.5389181804898
34.9757509243253
34.8432241760169
34.1558709854397
34.1061055220993
33.5394601015052
32.7798839158141
31.8072655463586
31.4146675075718
30.3314464734510
28.9984487919915
28.1093581751641
26.2301876138110
24.5503785997765
23.7141001849803
21.1685119568416
19.3112647002773
17.2489883556113
14.8145491975312
12.7233790246234
9.91211012935365
7.90193552128350
4.90479994251957
2.38938953054952
-0.470878024043713
-2.71506083222051
-5.72942135852125
-9.15354034983355
-12.2514578160589
-14.7295702568512
-17.7785621582022
-21.4179712615174
-23.5913541096902
-27.4481581207407
-30.0460366153445
-32.9394766881858
-36.2845900795973
-38.9601743554697
-42.3814992266427
-44.6725516759891
-47.6407252867865
-50.2940785867835
-52.4259541149760
-55.0028554905570
-57.4516393392105
-59.7685025443940
-61.5958364420100
-63.7798493351365
-66.3978610642175
-67.9585571141765
-69.4751669942460
-70.8135070505255
-72.3928841819195
-73.1293917656745
-73.6681191637825
-75.2528727426835
-75.7319517949740
-76.1944439209770
-76.2343996615855
-76.3792359036455
-76.6163057022980
-76.6090572830390
-76.5339237720200
-75.7798000436960
-75.5422303924350
-74.8410735618985
-74.1363900160240
-72.7306105314385
-71.5337424038975
-70.1573657246975
-69.1750656829635
-68.3179522909475
-65.9895002054760
-64.6903358404380
-62.4758149918955
-61.0380649991155
-59.3490017270635
-57.6038347021510
-55.3474926612825
-53.6652733802040
-51.5956759806470
-49.6816519696174
-47.1611433698766
-44.9232929504512
-43.2818650638087
-41.2744050186144
-39.4303558878766
-37.8512158736811
-35.5170032211815
-33.4012990353288
-32.2689554023057
-29.9494353216647
-28.4740569057076
-27.2513919415668
-25.9922910850899
-24.0842057586502
-23.0553888255549
-21.6146196317181
-20.5806610977911
-19.8558483711787
-19.0170965403819
-18.3557394652539
-17.4301808964377
-16.9403300945435
-16.1298865665831
-16.6057718800193
-16.0753349298206
-15.3634750824503
-15.6789509820493
-15.9693010038463
-16.1761352609679
-16.6399125957476
-17.2958200216774
-17.2743151417073
-17.5087089319225
-18.7380018529176
-19.7259932061685
-20.1769084653933
-20.7996751756438
-21.8548595099860
-22.6708395508776
-23.7619561444312
-25.1584478114450
-26.3501895195452
-27.1256899138616
-28.0913516962387
-28.7018201975494
-30.6634397552522
-31.0073060294697
-32.3082825348336
-33.2132940303506
-34.4176940000660
-35.6160147328621
-35.9152329129120
-37.2013318927754
-37.7075722315308
-38.8781633111196
-39.7666425347991
-40.5452209872118
-41.2813337936012
-41.0057507257196
-41.6809553674160
-42.1591596743006
-42.3231373393822
-42.3822592013241
-42.5857009235615
-43.0080763780466
-43.0549883632552
-42.5637945893833
-42.5892731766191
-42.3896764971184
-41.7407154207489
-41.6975689192494
-40.8825464156952
-40.6354918146690
-39.7441751221630
-38.8868100871744
-38.7591635331627
-37.6670170549381
-36.8679637159031
-36.1164960486787
-35.1523944871690
-33.7684197189227
-32.8494370577348
-31.7866237852871
-30.5081233291294
-29.7059652954921
-28.7838924515995
-27.2874878825747
-26.5133361996545
-25.4724534692150
-24.5075331558823
-23.4664105572200
-22.6068645781046
-21.8135492762708
-20.8677814368656
-20.0060527884503
-19.0662993941428
-18.5304925016074
-18.1148009475932
-17.4591238994014
-16.9795708941909
-16.3492887274068
-15.8383768694295
-15.2899061006983
-15.6534872295160
-15.2575626596741
-15.0968491025600
-14.8722233464143
-15.2476036796981
-15.3195825553024
-15.9465032384270
-16.4581524313404
-17.0783122184196
-17.5641537758143
-17.8712080689119
-18.8726230980332
-19.1124724411974
-20.9038560934244
-20.8669569484140
-22.4823941383318
-22.9971300499327
-24.4566531414424
-24.9203399456247
-26.9134579463073
-28.1896094619318
-28.9539879304255
-30.0628769056790
-31.2311409325784
-33.1041782955671
-33.4624583950231
-35.6126381857192
-36.2223313847917
-37.5817769160685
-38.9483716506851
-39.5687177419745
-41.4953704252364
-42.5099561931600
-43.3447774073819
-43.9524033910394
-45.0935875774507
-46.0134516333210
-46.6898343940377
-46.6328153866837
-47.5024340523757
-48.5400027247544
-48.7180718724087
-49.1375945758611
-49.9145269168378
-49.7048378732635
-50.0449911191900
-49.8418538851787
-48.9382235854860
-48.7379606423045
-48.0060689028768
-47.9836960745990
-47.6473425653054
-46.3835185930669
-45.7892826064387
-45.2751729662891
-43.4167812321733
-42.3291196457751
-41.2130278721290
-39.8063520909660
-38.3181045631981
-37.1538063332715
-35.2366239154814
-34.0056850889117
-31.9322215920487
-29.9727130269203
-28.1878117071936
-26.4542740966852
-24.3595454271270
-22.7855051449131
-20.8573555309562
-18.2809843640348
-16.2351565456783
-14.2677361776109
-12.6793655864873
-10.5265324371596
-8.34440290281180
-5.88736005204250
-4.52402846282002
-2.82450611563329
-0.281570039389704
1.53727194318992
3.46922702823698
4.64383083054971
6.53682136389815
8.29395146009360
9.82754301554820
11.0377076872147
12.3939331804772
13.9085798260972
14.6523134063674
15.9012200217937
17.3954595155086
18.1426492631173
18.5547139238461
19.6737086958677
19.5824166985827
20.3855731100855
20.7506613181970
20.7676568528766
20.7765612723727
20.9590715690901
20.7962948763010
20.4576154784777
19.8292856366740
20.0054770214438
19.0967516106217
18.8555444295337
18.5267717941275
17.5091278226311
16.5106621335178
16.2914132461808
15.4102571139374
14.0901392671925
13.5243859026179
12.2230657915649
10.9924626948097
9.78338081940885
8.49475014810880
7.38544381692260
6.59209354347835
4.99141054405181
4.14526704954346
3.00515284298119
1.87147527136142
0.736211006839085
-0.493236243630373
-1.96685988867223
-2.91152876879122
-3.92652157551854
-3.95775510310481
-5.53119125599455
-6.30672203050255
-6.26212978316025
-7.10281683743920
-8.30888280690925
-8.40872945713510
-8.92996606115955
-8.81709609897250
-9.34759525557720
-9.01206110057280
-9.57822566301145
-9.63669743440820
-9.28855952349880
-8.86482702187790
-8.28554324663955
-8.45007039101365
-8.08983888709810
-6.92030133395260
-6.26996437388000
-5.61256550650820
-5.06618476965555
-3.92215805780374
-2.99255790339093
-2.54628744029255
-1.71231790242234
-0.895961601106310
0.736624023558825
2.02850171603519
3.16239614289108
4.16265963332248
5.32115106369095
6.21446820681280
7.66834263138120
8.55026205236895
10.0577979440855
11.0414271314710
11.6908174794167
13.2627574359181
14.1708538793898
15.7828216362839
16.0501766971160
16.9006107354615
18.2014176982737
17.9463426529873
19.5374834164988
19.8171959683372
20.2319967224465
20.1897050602555
20.6620189534694
20.9242974955310
21.5293365519835
20.5787793361041
21.0238232086769
20.7894783981472
20.4291910401564
19.8505645570080
19.2571478241414
19.2187722834919
18.0603385928475
16.7732497656696
16.4848443132869
15.6899820562892
14.4733296652471
12.9372565932748
11.4898979235927
10.3047795409951
9.29206939851615
7.65289558248685
5.97092889298160
4.30065172803512
3.13153525011530
1.01424606005081
-0.562547154375720
-2.19726809813781
-3.37923814207366
-4.98261092232439
-6.72295430786200
-8.16504351317905
-10.0823163701212
-11.7989508853399
-13.4158036740156
-14.1811590958327
-16.0570951812025
-17.7274039747580
-18.8393637002481
-20.0009383021676
-20.9740071504833
-22.4817790676601
-23.7434237604230
-24.0832434016972
-24.6659477861396
-25.3004080584629
-25.8646490237397
-26.6491379703161
-26.4823055535101
-26.3760063810791
-26.1576426583240
-26.0267481699238
-26.0879810719132
-25.1680595717970
-25.5237728461958
-24.1711197031939
-24.0408732786185
-22.3590515795351
-21.7514513824646
-20.3360101879080
-18.9184992401573
-17.9241557925297
-16.0997351025745
-14.2307978328814
-12.7827849250514
-11.1000946972080
-8.75568332855770
-7.50944513789360
-4.91204238833987
-2.60672489441776
-1.17343849393710
1.65310144017566
3.23543675080250
5.95888883989245
7.76596727318260
10.6217340316444
12.5840259940231
15.1110765170744
17.5940335141253
19.6356509412256
21.7428262759735
23.9573816248144
25.6971555508652
27.9052122218611
30.0018734555455
32.1428043631435
33.2655115232042
35.7689020916694
37.4886110314941
38.3189743860766
39.8688363269288
41.5509727213760
42.748498511455
